0
0
500
0 -2.1213203435596535
1 0.46930339512070784
2 1.361971499218627
3 -2.673019572565096
4 2.963065021785416
5 -2.121320343559655
6 0.469303395120709
7 1.3619714992186163
8 -2.6730195725650963
9 2.9630650217854155
10 -2.121320343559661
11 0.4693033951207076
12 1.3619714992186271
13 -2.673019572565097
14 2.9630650217854186
15 -2.1213203435596526
16 0.46930339512070607
17 1.3619714992186094
18 -2.6730195725650976
19 2.9630650217854155
20 -2.1213203435596664
21 0.4693033951207047
22 1.3619714992186298
23 -2.6730195725650887
24 2.963065021785415
25 -2.1213203435596504
26 0.4693033951207032
27 1.3619714992186311
28 -2.67301957256508
29 2.9630650217854146
30 -2.1213203435596495
31 0.46930339512070174
32 1.3619714992186325
33 -2.6730195725651
34 2.9630650217854213
35 -2.1213203435596784
36 0.4693033951207003
37 1.3619714992186338
38 -2.6730195725651003
39 2.963065021785414
40 -2.1213203435596775
41 0.469303395120741
42 1.361971499218635
43 -2.673019572565101
44 2.9630650217854138
45 -2.1213203435596464
46 0.4693033951207395
47 1.3619714992185983
48 -2.6730195725651016
49 2.9630650217854138
50 -2.1213203435596153
51 0.46930339512069597
52 1.3619714992186756
53 -2.6730195725651025
54 2.963065021785407
55 -2.1213203435596446
56 0.4693033951207366
57 1.361971499218639
58 -2.6730195725651225
59 2.9630650217854
60 -2.121320343559613
61 0.469303395120693
62 1.3619714992186782
63 -2.673019572565104
64 2.963065021785406
65 -2.121320343559642
66 0.46930339512064945
67 1.3619714992186416
68 -2.673019572565085
69 2.963065021785413
70 -2.1213203435596713
71 0.4693033951206059
72 1.3619714992186809
73 -2.6730195725651438
74 2.9630650217854058
75 -2.12132034355964
76 0.46930339512064656
77 1.3619714992186442
78 -2.673019572565125
79 2.9630650217854124
80 -2.121320343559669
81 0.4693033951206873
82 1.3619714992186074
83 -2.6730195725651065
84 2.9630650217854058
85 -2.121320343559578
86 0.4693033951206437
87 1.3619714992186467
88 -2.6730195725651265
89 2.963065021785412
90 -2.121320343559607
91 0.46930339512068436
92 1.36197149921861
93 -2.673019572565108
94 2.963065021785418
95 -2.121320343559636
96 0.4693033951206408
97 1.3619714992187253
98 -2.673019572565128
99 2.9630650217854115
100 -2.1213203435596046
101 0.46930339512076563
102 1.3619714992185368
103 -2.673019572565109
104 2.963065021785418
105 -2.121320343559694
106 0.4693033951208063
107 1.361971499218652
108 -2.6730195725650905
109 2.9630650217854244
110 -2.1213203435597228
111 0.46930339512067853
112 1.3619714992184635
113 -2.673019572565072
114 2.963065021785431
115 -2.1213203435596317
116 0.46930339512071917
117 1.3619714992185785
118 -2.6730195725651305
119 2.9630650217854373
120 -2.1213203435596606
121 0.4693033951207599
122 1.361971499218542
123 -2.6730195725650345
124 2.963065021785417
125 -2.12132034355969
126 0.46930339512080055
127 1.3619714992185052
128 -2.673019572565093
129 2.9630650217854235
130 -2.121320343559719
131 0.4693033951206727
132 1.3619714992186207
133 -2.6730195725650745
134 2.9630650217854297
135 -2.1213203435596277
136 0.4693033951208818
137 1.3619714992185838
138 -2.673019572565056
139 2.9630650217854098
140 -2.1213203435597774
141 0.46930339512075403
142 1.3619714992186993
143 -2.6730195725650367
144 2.963065021785416
145 -2.1213203435596855
146 0.46930339512062624
147 1.3619714992185106
148 -2.673019572565096
149 2.9630650217854226
150 -2.1213203435597148
151 0.4693033951208353
152 1.3619714992186258
153 -2.6730195725649994
154 2.963065021785429
155 -2.1213203435596233
156 0.4693033951207076
157 1.3619714992185892
158 -2.6730195725650585
159 2.9630650217854084
160 -2.121320343559773
161 0.46930339512074826
162 1.3619714992185525
163 -2.673019572565117
164 2.963065021785442
165 -2.121320343559682
166 0.4693033951207889
167 1.361971499218516
168 -2.6730195725650985
169 2.9630650217854217
170 -2.12132034355959
171 0.4693033951208296
172 1.3619714992186311
173 -2.67301957256508
174 2.963065021785428
175 -2.1213203435597396
176 0.46930339512070174
177 1.3619714992184424
178 -2.673019572565061
179 2.9630650217854346
180 -2.121320343559648
181 0.4693033951207424
182 1.3619714992185576
183 -2.67301957256512
184 2.963065021785441
185 -2.1213203435596775
186 0.4693033951207831
187 1.3619714992186729
188 -2.6730195725650234
189 2.963065021785421
190 -2.121320343559707
191 0.46930339512082375
192 1.3619714992186363
193 -2.6730195725650825
194 2.9630650217854004
195 -2.1213203435597356
196 0.46930339512069597
197 1.3619714992185996
198 -2.673019572565064
199 2.9630650217854337
200 -2.1213203435596446
201 0.469303395120905
202 1.361971499218563
203 -2.6730195725650447
204 2.96306502178544
205 -2.1213203435595527
206 0.4693033951206088
207 1.3619714992186782
208 -2.673019572565104
209 2.9630650217854195
210 -2.1213203435597023
211 0.4693033951208179
212 1.3619714992184895
213 -2.6730195725651624
214 2.9630650217853995
215 -2.1213203435598524
216 0.4693033951206902
217 1.361971499218605
218 -2.6730195725650665
219 2.963065021785379
220 -2.1213203435597605
221 0.46930339512089925
222 1.3619714992187202
223 -2.673019572565125
224 2.963065021785466
225 -2.121320343559669
226 0.46930339512077146
227 1.3619714992185314
228 -2.6730195725650288
229 2.9630650217854457
230 -2.121320343559578
231 0.46930339512064373
232 1.3619714992186467
233 -2.673019572565088
234 2.9630650217854253
235 -2.121320343559727
236 0.4693033951205159
237 1.3619714992184582
238 -2.6730195725649915
239 2.963065021785405
240 -2.121320343559636
241 0.4693033951210619
242 1.3619714992185734
243 -2.6730195725650505
244 2.963065021785438
245 -2.1213203435595442
246 0.4693033951209341
247 1.3619714992186887
248 -2.673019572565109
249 2.963065021785418
250 -2.121320343559694
251 0.4693033951208063
252 1.3619714992185
253 -2.6730195725651678
254 2.963065021785451
255 -2.121320343559844
256 0.46930339512067853
257 1.3619714992186154
258 -2.673019572565072
259 2.963065021785431
260 -2.121320343559752
261 0.4693033951205508
262 1.3619714992187304
263 -2.6730195725649755
264 2.9630650217854106
265 -2.1213203435596606
266 0.4693033951207599
267 1.361971499218542
268 -2.673019572565034
269 2.9630650217854435
270 -2.1213203435595696
271 0.46930339512063207
272 1.3619714992183534
273 -2.673019572565093
274 2.9630650217854235
275 -2.121320343559719
276 0.4693033951208412
277 1.3619714992184686
278 -2.6730195725651518
279 2.963065021785403
280 -2.1213203435598684
281 0.4693033951207134
282 1.3619714992185838
283 -2.673019572565056
284 2.963065021785383
285 -2.1213203435597774
286 0.4693033951209225
287 1.3619714992186993
288 -2.6730195725651145
289 2.9630650217854697
290 -2.1213203435596855
291 0.46930339512079466
292 1.3619714992188143
293 -2.673019572565018
294 2.9630650217854493
295 -2.121320343559594
296 0.469303395120667
297 1.3619714992186258
298 -2.673019572565077
299 2.963065021785429
300 -2.121320343559744
301 0.46930339512053915
302 1.3619714992184373
303 -2.673019572564981
304 2.9630650217854084
305 -2.1213203435596526
306 0.4693033951210851
307 1.3619714992185525
308 -2.6730195725650394
309 2.963065021785389
310 -2.121320343559561
311 0.4693033951209573
312 1.3619714992186678
313 -2.6730195725650985
314 2.9630650217854217
315 -2.1213203435597108
316 0.4693033951208296
317 1.361971499218479
318 -2.673019572565157
319 2.9630650217854546
320 -2.1213203435598604
321 0.46930339512070174
322 1.3619714992185943
323 -2.6730195725652157
324 2.9630650217854346
325 -2.121320343559769
326 0.46930339512057406
327 1.3619714992187097
328 -2.673019572564965
329 2.963065021785414
330 -2.1213203435596775
331 0.4693033951207831
332 1.361971499218521
333 -2.6730195725650234
334 2.9630650217854475
335 -2.121320343559586
336 0.46930339512065533
337 1.3619714992183323
338 -2.6730195725650825
339 2.963065021785427
340 -2.1213203435594945
341 0.4693033951208644
342 1.3619714992184477
343 -2.673019572565141
344 2.963065021785407
345 -2.1213203435598853
346 0.46930339512073665
347 1.361971499218563
348 -2.6730195725650447
349 2.9630650217853867
350 -2.121320343559794
351 0.46930339512094577
352 1.3619714992186782
353 -2.673019572565104
354 2.9630650217854733
355 -2.1213203435597023
356 0.4693033951208179
357 1.3619714992187935
358 -2.6730195725650074
359 2.963065021785453
360 -2.121320343559611
361 0.4693033951206902
362 1.3619714992186047
363 -2.6730195725650665
364 2.9630650217854324
365 -2.1213203435597605
366 0.4693033951205624
367 1.3619714992184162
368 -2.67301957256497
369 2.9630650217854124
370 -2.121320343559669
371 0.46930339512110836
372 1.3619714992185314
373 -2.6730195725650288
374 2.9630650217853924
375 -2.121320343559578
376 0.4693033951209805
377 1.3619714992186467
378 -2.673019572565088
379 2.9630650217854253
380 -2.121320343559727
381 0.46930339512085284
382 1.3619714992184582
383 -2.6730195725651464
384 2.963065021785405
385 -2.121320343559877
386 0.469303395120725
387 1.3619714992185734
388 -2.673019572565205
389 2.963065021785438
390 -2.121320343559786
391 0.46930339512059727
392 1.3619714992186887
393 -2.673019572564954
394 2.963065021785418
395 -2.121320343559694
396 0.4693033951208063
397 1.361971499218804
398 -2.6730195725650128
399 2.963065021785451
400 -2.1213203435596024
401 0.46930339512067853
402 1.3619714992183116
403 -2.673019572565072
404 2.963065021785431
405 -2.1213203435595114
406 0.4693033951208876
407 1.3619714992187304
408 -2.6730195725649755
409 2.9630650217854106
410 -2.1213203435594195
411 0.4693033951207599
412 1.3619714992188459
413 -2.673019572565034
414 2.96306502178539
415 -2.1213203435598107
416 0.46930339512063207
417 1.3619714992183534
418 -2.673019572565093
419 2.963065021785477
420 -2.121320343559719
421 0.46930339512050434
422 1.3619714992184686
423 -2.6730195725651518
424 2.9630650217854564
425 -2.1213203435596277
426 0.46930339512037655
427 1.3619714992185838
428 -2.6730195725652104
429 2.9630650217854364
430 -2.1213203435600185
431 0.4693033951209225
432 1.3619714992186993
433 -2.673019572565269
434 2.963065021785416
435 -2.121320343559927
436 0.46930339512079466
437 1.3619714992182066
438 -2.6730195725653276
439 2.963065021785396
440 -2.1213203435598356
441 0.469303395120667
442 1.3619714992183218
443 -2.673019572565077
444 2.9630650217853756
445 -2.121320343559744
446 0.46930339512053915
447 1.3619714992184373
448 -2.673019572564826
449 2.963065021785355
450 -2.1213203435596526
451 0.4693033951204114
452 1.3619714992185525
453 -2.673019572564885
454 2.963065021785442
455 -2.121320343559561
456 0.4693033951209573
457 1.3619714992186678
458 -2.6730195725649435
459 2.9630650217854217
460 -2.1213203435594696
461 0.4693033951208296
462 1.361971499218783
463 -2.673019572565002
464 2.9630650217854013
465 -2.1213203435598604
466 0.46930339512070174
467 1.3619714992188983
468 -2.673019572565061
469 2.963065021785488
470 -2.121320343559769
471 0.46930339512124775
472 1.3619714992190135
473 -2.67301957256512
474 2.9630650217854675
475 -2.1213203435596775
476 0.46930339512112
477 1.3619714992191287
478 -2.6730195725651784
479 2.9630650217854475
480 -2.121320343559586
481 0.4693033951209922
482 1.3619714992180285
483 -2.673019572565237
484 2.963065021785427
485 -2.1213203435594945
486 0.4693033951208644
487 1.3619714992181438
488 -2.673019572564986
489 2.963065021785407
490 -2.121320343559403
491 0.46930339512073665
492 1.361971499218259
493 -2.6730195725650447
494 2.9630650217853867
495 -2.121320343559794
496 0.4693033951206088
497 1.3619714992183742
498 -2.673019572565104
499 2.9630650217854733
