0
0
720
0 2.7716385975338613
1 -2.771638597533861
2 2.771638597533862
3 -2.771638597533862
4 2.7716385975338627
5 -2.7716385975338604
6 2.7716385975338604
7 -2.771638597533861
8 2.771638597533861
9 -2.771638597533857
10 2.7716385975338613
11 -2.7716385975338573
12 2.7716385975338618
13 -2.7716385975338573
14 2.7716385975338618
15 -2.7716385975338578
16 2.771638597533862
17 -2.771638597533866
18 2.771638597533854
19 -2.7716385975338587
20 2.7716385975338707
21 -2.771638597533867
22 2.7716385975338627
23 -2.771638597533875
24 2.771638597533871
25 -2.7716385975338675
26 2.7716385975338635
27 -2.771638597533876
28 2.771638597533872
29 -2.771638597533868
30 2.7716385975338644
31 -2.7716385975338764
32 2.7716385975338724
33 -2.7716385975338684
34 2.771638597533881
35 -2.771638597533877
36 2.771638597533857
37 -2.7716385975338693
38 2.7716385975338653
39 -2.7716385975338613
40 2.7716385975338733
41 -2.771638597533837
42 2.7716385975338493
43 -2.7716385975338618
44 2.7716385975338413
45 -2.7716385975338538
46 2.771638597533866
47 -2.7716385975338462
48 2.7716385975338587
49 -2.7716385975338707
50 2.7716385975338507
51 -2.7716385975338627
52 2.7716385975338427
53 -2.7716385975338547
54 2.7716385975338675
55 -2.771638597533847
56 2.7716385975338595
57 -2.771638597533872
58 2.7716385975338516
59 -2.7716385975338644
60 2.771638597533844
61 -2.7716385975338236
62 2.7716385975338684
63 -2.7716385975338484
64 2.7716385975338604
65 -2.7716385975338405
66 2.771638597533853
67 -2.7716385975338653
68 2.7716385975338778
69 -2.7716385975338573
70 2.7716385975338698
71 -2.7716385975338493
72 2.7716385975338294
73 -2.771638597533874
74 2.7716385975338538
75 -2.771638597533866
76 2.7716385975338462
77 -2.7716385975338587
78 2.7716385975338382
79 -2.771638597533883
80 2.7716385975338627
81 -2.771638597533908
82 2.7716385975338547
83 -2.7716385975338675
84 2.77163859753388
85 -2.771638597533892
86 2.7716385975339044
87 -2.771638597533917
88 2.7716385975338644
89 -2.7716385975338764
90 2.771638597533889
91 -2.7716385975339013
92 2.7716385975339133
93 -2.7716385975338604
94 2.7716385975338733
95 -2.7716385975338858
96 2.7716385975338977
97 -2.77163859753391
98 2.7716385975339226
99 -2.7716385975338698
100 2.771638597533882
101 -2.7716385975338946
102 2.771638597533907
103 -2.771638597533919
104 2.771638597533866
105 -2.7716385975338786
106 2.771638597533891
107 -2.7716385975339035
108 2.771638597533916
109 -2.7716385975339284
110 2.771638597533875
111 -2.771638597533888
112 2.7716385975339
113 -2.771638597533847
114 2.771638597533925
115 -2.771638597533872
116 2.771638597533884
117 -2.771638597533962
118 2.7716385975339093
119 -2.7716385975339213
120 2.7716385975338684
121 -2.771638597533881
122 2.771638597533828
123 -2.7716385975339053
124 2.771638597533918
125 -2.7716385975338653
126 2.7716385975338778
127 -2.7716385975338245
128 2.771638597533902
129 -2.771638597533915
130 2.7716385975338618
131 -2.7716385975339395
132 2.7716385975338866
133 -2.771638597533899
134 2.771638597533911
135 -2.7716385975338587
136 2.7716385975339364
137 -2.771638597533883
138 2.7716385975338955
139 -2.7716385975338427
140 2.7716385975339204
141 -2.771638597533933
142 2.77163859753388
143 -2.771638597533892
144 2.771638597533839
145 -2.771638597533917
146 2.7716385975339293
147 -2.7716385975338764
148 2.771638597533889
149 -2.771638597533836
150 2.7716385975339133
151 -2.7716385975338604
152 2.7716385975338733
153 -2.7716385975339506
154 2.7716385975338977
155 -2.77163859753391
156 2.7716385975338573
157 -2.7716385975338698
158 2.7716385975339475
159 -2.7716385975338946
160 2.771638597533907
161 -2.7716385975338538
162 2.7716385975339315
163 -2.771638597533944
164 2.771638597533826
165 -2.771638597533969
166 2.7716385975338507
167 -2.7716385975338627
168 2.771638597533875
169 -2.771638597533888
170 2.7716385975339
171 -2.7716385975339124
172 2.771638597533925
173 -2.7716385975338067
174 2.7716385975339497
175 -2.7716385975339617
176 2.771638597533844
177 -2.7716385975338564
178 2.7716385975338684
179 -2.771638597533881
180 2.7716385975338933
181 -2.7716385975339053
182 2.771638597533918
183 -2.7716385975339306
184 2.7716385975339426
185 -2.7716385975338245
186 2.771638597533837
187 -2.77163859753398
188 2.7716385975338618
189 -2.771638597533874
190 2.7716385975338866
191 -2.771638597533899
192 2.771638597533911
193 -2.771638597533924
194 2.7716385975339364
195 -2.771638597533818
196 2.771638597533961
197 -2.7716385975338427
198 2.7716385975338547
199 -2.7716385975338675
200 2.77163859753388
201 -2.771638597533892
202 2.7716385975339044
203 -2.771638597533917
204 2.7716385975339293
205 -2.7716385975339417
206 2.771638597533954
207 -2.771638597533836
208 2.7716385975338484
209 -2.7716385975338604
210 2.7716385975338733
211 -2.7716385975338858
212 2.7716385975338977
213 -2.77163859753391
214 2.7716385975339226
215 -2.7716385975339346
216 2.7716385975339475
217 -2.7716385975338294
218 2.771638597533972
219 -2.7716385975338538
220 2.771638597533866
221 -2.7716385975338786
222 2.771638597533891
223 -2.7716385975339035
224 2.771638597533916
225 -2.7716385975339284
226 2.77163859753381
227 -2.771638597533953
228 2.7716385975339657
229 -2.771638597533847
230 2.7716385975338595
231 -2.771638597533872
232 2.771638597533884
233 -2.7716385975338964
234 2.77163859753404
235 -2.7716385975339213
236 2.7716385975339337
237 -2.7716385975338156
238 2.7716385975339586
239 -2.7716385975338405
240 2.771638597533853
241 -2.771638597533996
242 2.7716385975338778
243 -2.7716385975338897
244 2.7716385975337716
245 -2.771638597533915
246 2.771638597533927
247 -2.771638597533809
248 2.771638597533952
249 -2.771638597533964
250 2.771638597533846
251 -2.7716385975339892
252 2.7716385975338707
253 -2.771638597533883
254 2.771638597533765
255 -2.771638597533908
256 2.7716385975339204
257 -2.7716385975338023
258 2.7716385975339453
259 -2.7716385975339577
260 2.771638597533839
261 -2.7716385975338516
262 2.7716385975339946
263 -2.7716385975338764
264 2.771638597533889
265 -2.7716385975339013
266 2.7716385975339133
267 -2.771638597533795
268 2.7716385975339386
269 -2.7716385975339506
270 2.7716385975338325
271 -2.771638597533845
272 2.771638597533988
273 -2.7716385975338698
274 2.771638597533882
275 -2.771638597534025
276 2.771638597533907
277 -2.771638597533919
278 2.771638597533801
279 -2.771638597533944
280 2.771638597533956
281 -2.7716385975338382
282 2.7716385975339812
283 -2.7716385975338627
284 2.771638597533875
285 -2.7716385975337574
286 2.7716385975339
287 -2.7716385975339124
288 2.7716385975337943
289 -2.7716385975339373
290 2.7716385975339497
291 -2.7716385975338316
292 2.7716385975339746
293 -2.771638597533987
294 2.7716385975338684
295 -2.771638597533881
296 2.7716385975338933
297 -2.7716385975339053
298 2.7716385975337876
299 -2.7716385975339306
300 2.7716385975339426
301 -2.7716385975338245
302 2.771638597533837
303 -2.77163859753398
304 2.7716385975338618
305 -2.771638597533874
306 2.771638597534017
307 -2.771638597533899
308 2.771638597533911
309 -2.771638597533924
310 2.7716385975339364
311 -2.771638597533818
312 2.7716385975338302
313 -2.7716385975339732
314 2.7716385975338547
315 -2.7716385975338675
316 2.7716385975340105
317 -2.771638597533892
318 2.7716385975339044
319 -2.7716385975337863
320 2.7716385975339293
321 -2.7716385975339417
322 2.7716385975338236
323 -2.7716385975339666
324 2.771638597533979
325 -2.7716385975338604
326 2.7716385975340034
327 -2.7716385975338858
328 2.771638597533767
329 -2.77163859753391
330 2.771638597534053
331 -2.7716385975339346
332 2.771638597533817
333 -2.77163859753396
334 2.7716385975338413
335 -2.7716385975339843
336 2.771638597533866
337 -2.771638597534009
338 2.771638597533891
339 -2.771638597533773
340 2.771638597533916
341 -2.771638597533798
342 2.7716385975339404
343 -2.7716385975338227
344 2.7716385975339657
345 -2.771638597533847
346 2.771638597533729
347 -2.771638597533872
348 2.7716385975340145
349 -2.7716385975338964
350 2.77163859753404
351 -2.7716385975339213
352 2.771638597533803
353 -2.771638597533946
354 2.771638597533828
355 -2.771638597533971
356 2.771638597533853
357 -2.771638597533996
358 2.7716385975338778
359 -2.771638597533759
360 2.771638597533902
361 -2.771638597534045
362 2.771638597533927
363 -2.771638597533809
364 2.771638597533952
365 -2.7716385975338333
366 2.7716385975339763
367 -2.7716385975341193
368 2.771638597534001
369 -2.771638597533883
370 2.771638597533765
371 -2.771638597533908
372 2.77163859753379
373 -2.771638597533933
374 2.771638597534076
375 -2.7716385975339577
376 2.771638597533839
377 -2.771638597533721
378 2.7716385975338644
379 -2.7716385975340065
380 2.771638597533889
381 -2.771638597534032
382 2.7716385975339133
383 -2.771638597533795
384 2.771638597533938
385 -2.77163859753382
386 2.771638597533963
387 -2.771638597533845
388 2.771638597533988
389 -2.7716385975338698
390 2.7716385975337516
391 -2.7716385975338946
392 2.7716385975340376
393 -2.771638597533919
394 2.771638597533801
395 -2.771638597533944
396 2.771638597533826
397 -2.771638597533969
398 2.7716385975338507
399 -2.771638597533993
400 2.771638597533875
401 -2.7716385975337574
402 2.7716385975339
403 -2.771638597533782
404 2.771638597533925
405 -2.771638597534068
406 2.7716385975339497
407 -2.7716385975338316
408 2.7716385975339746
409 -2.7716385975338564
410 2.771638597533999
411 -2.771638597533881
412 2.771638597534024
413 -2.7716385975339053
414 2.7716385975337876
415 -2.7716385975339306
416 2.771638597533812
417 -2.771638597533955
418 2.771638597533837
419 -2.77163859753398
420 2.7716385975338618
421 -2.7716385975337436
422 2.7716385975338866
423 -2.7716385975340296
424 2.771638597533911
425 -2.771638597534054
426 2.7716385975339364
427 -2.771638597533818
428 2.771638597533961
429 -2.7716385975338427
430 2.7716385975339852
431 -2.7716385975338675
432 2.7716385975340105
433 -2.771638597533892
434 2.771638597533774
435 -2.771638597533917
436 2.77163859753406
437 -2.7716385975339417
438 2.7716385975338236
439 -2.7716385975339666
440 2.7716385975338484
441 -2.771638597533991
442 2.771638597533873
443 -2.7716385975340163
444 2.7716385975338977
445 -2.7716385975337796
446 2.7716385975339226
447 -2.771638597533804
448 2.771638597533947
449 -2.7716385975340905
450 2.771638597533972
451 -2.7716385975338538
452 2.7716385975337356
453 -2.7716385975338786
454 2.7716385975340216
455 -2.7716385975339035
456 2.7716385975340465
457 -2.7716385975339284
458 2.77163859753381
459 -2.771638597533692
460 2.771638597533835
461 -2.7716385975339777
462 2.7716385975338595
463 -2.7716385975340025
464 2.771638597533884
465 -2.7716385975337663
466 2.7716385975339093
467 -2.7716385975337907
468 2.771638597534195
469 -2.7716385975340767
470 2.7716385975339586
471 -2.7716385975338405
472 2.7716385975339835
473 -2.7716385975338653
474 2.771638597533747
475 -2.771638597534151
476 2.7716385975340327
477 -2.771638597533915
478 2.7716385975337965
479 -2.7716385975339395
480 2.7716385975338214
481 -2.771638597533703
482 2.771638597534107
483 -2.7716385975339892
484 2.7716385975338707
485 -2.7716385975340136
486 2.7716385975338955
487 -2.7716385975337774
488 2.7716385975336593
489 -2.771638597534063
490 2.7716385975339453
491 -2.771638597533827
492 2.7716385975339697
493 -2.7716385975338516
494 2.771638597533734
495 -2.771638597534137
496 2.7716385975340194
497 -2.7716385975339013
498 2.771638597534044
499 -2.7716385975339257
500 2.771638597533808
501 -2.7716385975336895
502 2.7716385975340936
503 -2.7716385975339755
504 2.7716385975338573
505 -2.7716385975340003
506 2.771638597533882
507 -2.771638597533764
508 2.771638597533646
509 -2.7716385975340496
510 2.7716385975339315
511 -2.7716385975340745
512 2.771638597533956
513 -2.7716385975338382
514 2.77163859753372
515 -2.7716385975338627
516 2.7716385975340057
517 -2.7716385975338875
518 2.7716385975340305
519 -2.7716385975339124
520 2.7716385975337943
521 -2.771638597533676
522 2.771638597533819
523 -2.7716385975339617
524 2.7716385975341047
525 -2.771638597533987
526 2.7716385975338684
527 -2.7716385975337503
528 2.7716385975338933
529 -2.771638597533775
530 2.771638597533918
531 -2.771638597534061
532 2.7716385975339426
533 -2.7716385975338245
534 2.771638597533707
535 -2.7716385975338493
536 2.7716385975339923
537 -2.7716385975341353
538 2.771638597534017
539 -2.771638597533899
540 2.771638597533781
541 -2.771638597533924
542 2.771638597533806
543 -2.7716385975342095
544 2.7716385975340914
545 -2.7716385975339732
546 2.7716385975338547
547 -2.771638597533737
548 2.77163859753388
549 -2.7716385975337614
550 2.7716385975341655
551 -2.7716385975340474
552 2.7716385975339293
553 -2.771638597533811
554 2.771638597533954
555 -2.771638597533836
556 2.771638597533718
557 -2.7716385975341216
558 2.7716385975340034
559 -2.7716385975338858
560 2.7716385975340283
561 -2.77163859753391
562 2.771638597533792
563 -2.771638597533674
564 2.7716385975340776
565 -2.77163859753396
566 2.7716385975338413
567 -2.7716385975339843
568 2.771638597533866
569 -2.771638597533748
570 2.77163859753363
571 -2.771638597534034
572 2.771638597533916
573 -2.771638597534059
574 2.7716385975339404
575 -2.7716385975338222
576 2.7716385975337046
577 -2.771638597534108
578 2.77163859753399
579 -2.771638597533872
580 2.7716385975340145
581 -2.7716385975338964
582 2.7716385975337787
583 -2.77163859753366
584 2.7716385975340643
585 -2.771638597533946
586 2.771638597534089
587 -2.771638597533971
588 2.771638597533853
589 -2.7716385975337348
590 2.7716385975338778
591 -2.7716385975340203
592 2.771638597533902
593 -2.771638597534045
594 2.771638597533927
595 -2.771638597533809
596 2.771638597533691
597 -2.7716385975338333
598 2.7716385975339763
599 -2.7716385975341193
600 2.771638597534001
601 -2.771638597533883
602 2.771638597533765
603 -2.771638597533908
604 2.77163859753379
605 -2.771638597533933
606 2.771638597534076
607 -2.7716385975339577
608 2.771638597533839
609 -2.771638597533721
610 2.771638597533864
611 -2.7716385975340065
612 2.77163859753415
613 -2.771638597534032
614 2.7716385975339133
615 -2.771638597533795
616 2.771638597533938
617 -2.77163859753382
618 2.771638597533963
619 -2.771638597534106
620 2.771638597533988
621 -2.7716385975338698
622 2.7716385975337516
623 -2.7716385975338946
624 2.7716385975337765
625 -2.77163859753418
626 2.771638597534062
627 -2.771638597533944
628 2.771638597533826
629 -2.771638597533969
630 2.7716385975338507
631 -2.771638597533732
632 2.771638597534136
633 -2.771638597534018
634 2.7716385975339
635 -2.771638597533782
636 2.771638597533925
637 -2.7716385975338067
638 2.7716385975336886
639 -2.7716385975340923
640 2.771638597533974
641 -2.7716385975338564
642 2.771638597533999
643 -2.771638597533881
644 2.7716385975337627
645 -2.7716385975336446
646 2.7716385975340483
647 -2.7716385975339306
648 2.771638597534073
649 -2.771638597533955
650 2.771638597533837
651 -2.7716385975337188
652 2.771638597534123
653 -2.7716385975342654
654 2.7716385975338866
655 -2.7716385975340296
656 2.7716385975336504
657 -2.7716385975337934
658 2.7716385975339364
659 -2.771638597534079
660 2.771638597534222
661 -2.7716385975338427
662 2.7716385975339852
663 -2.7716385975341282
664 2.7716385975337494
665 -2.771638597533892
666 2.771638597534035
667 -2.771638597534178
668 2.7716385975337987
669 -2.7716385975339417
670 2.7716385975340847
671 -2.7716385975337055
672 2.7716385975338484
673 -2.771638597533991
674 2.771638597534134
675 -2.771638597533755
676 2.7716385975338977
677 -2.7716385975340407
678 2.7716385975336615
679 -2.771638597533804
680 2.771638597533947
681 -2.77163859753409
682 2.771638597533711
683 -2.7716385975338538
684 2.7716385975339968
685 -2.7716385975336175
686 2.7716385975337605
687 -2.7716385975339035
688 2.7716385975340465
689 -2.7716385975341895
690 2.77163859753381
691 -2.771638597533953
692 2.771638597533574
693 -2.7716385975342384
694 2.7716385975338595
695 -2.7716385975340025
696 2.771638597534145
697 -2.7716385975337663
698 2.7716385975339093
699 -2.7716385975335296
700 2.771638597534195
701 -2.7716385975338156
702 2.7716385975339586
703 -2.7716385975341016
704 2.7716385975337223
705 -2.7716385975338653
706 2.7716385975340083
707 -2.771638597534151
708 2.7716385975337716
709 -2.7716385975339146
710 2.7716385975340576
711 -2.7716385975336784
712 2.7716385975338214
713 -2.771638597533964
714 2.771638597534107
715 -2.77163859753425
716 2.7716385975338707
717 -2.7716385975340136
718 2.7716385975336344
719 -2.7716385975337774
