0
0
500
0.0 -2.1213203435596535
1.0 0.46930339512070784
2.0 1.361971499218627
3.0 -2.673019572565096
4.0 2.963065021785416
5.0 -2.121320343559655
6.0 0.469303395120709
7.0 1.3619714992186163
8.0 -2.6730195725650963
9.0 2.9630650217854155
10.0 -2.121320343559661
11.0 0.4693033951207076
12.0 1.3619714992186271
13.0 -2.673019572565097
14.0 2.9630650217854186
15.0 -2.1213203435596526
16.0 0.46930339512070607
17.0 1.3619714992186094
18.0 -2.6730195725650976
19.0 2.9630650217854155
20.0 -2.1213203435596664
21.0 0.4693033951207047
22.0 1.3619714992186298
23.0 -2.6730195725650887
24.0 2.963065021785415
25.0 -2.1213203435596504
26.0 0.4693033951207032
27.0 1.3619714992186311
28.0 -2.67301957256508
29.0 2.9630650217854146
30.0 -2.1213203435596495
31.0 0.46930339512070174
32.0 1.3619714992186325
33.0 -2.6730195725651
34.0 2.9630650217854213
35.0 -2.1213203435596784
36.0 0.4693033951207003
37.0 1.3619714992186338
38.0 -2.6730195725651003
39.0 2.963065021785414
40.0 -2.1213203435596775
41.0 0.469303395120741
42.0 1.361971499218635
43.0 -2.673019572565101
44.0 2.9630650217854138
45.0 -2.1213203435596464
46.0 0.4693033951207395
47.0 1.3619714992185983
48.0 -2.6730195725651016
49.0 2.9630650217854138
50.0 -2.1213203435596153
51.0 0.46930339512069597
52.0 1.3619714992186756
53.0 -2.6730195725651025
54.0 2.963065021785407
55.0 -2.1213203435596446
56.0 0.4693033951207366
57.0 1.361971499218639
58.0 -2.6730195725651225
59.0 2.9630650217854
60.0 -2.121320343559613
61.0 0.469303395120693
62.0 1.3619714992186782
63.0 -2.673019572565104
64.0 2.963065021785406
65.0 -2.121320343559642
66.0 0.46930339512064945
67.0 1.3619714992186416
68.0 -2.673019572565085
69.0 2.963065021785413
70.0 -2.1213203435596713
71.0 0.4693033951206059
72.0 1.3619714992186809
73.0 -2.6730195725651438
74.0 2.9630650217854058
75.0 -2.12132034355964
76.0 0.46930339512064656
77.0 1.3619714992186442
78.0 -2.673019572565125
79.0 2.9630650217854124
80.0 -2.121320343559669
81.0 0.4693033951206873
82.0 1.3619714992186074
83.0 -2.6730195725651065
84.0 2.9630650217854058
85.0 -2.121320343559578
86.0 0.4693033951206437
87.0 1.3619714992186467
88.0 -2.6730195725651265
89.0 2.963065021785412
90.0 -2.121320343559607
91.0 0.46930339512068436
92.0 1.36197149921861
93.0 -2.673019572565108
94.0 2.963065021785418
95.0 -2.121320343559636
96.0 0.4693033951206408
97.0 1.3619714992187253
98.0 -2.673019572565128
99.0 2.9630650217854115
100.0 -2.1213203435596046
101.0 0.46930339512076563
102.0 1.3619714992185368
103.0 -2.673019572565109
104.0 2.963065021785418
105.0 -2.121320343559694
106.0 0.4693033951208063
107.0 1.361971499218652
108.0 -2.6730195725650905
109.0 2.9630650217854244
110.0 -2.1213203435597228
111.0 0.46930339512067853
112.0 1.3619714992184635
113.0 -2.673019572565072
114.0 2.963065021785431
115.0 -2.1213203435596317
116.0 0.46930339512071917
117.0 1.3619714992185785
118.0 -2.6730195725651305
119.0 2.9630650217854373
120.0 -2.1213203435596606
121.0 0.4693033951207599
122.0 1.361971499218542
123.0 -2.6730195725650345
124.0 2.963065021785417
125.0 -2.12132034355969
126.0 0.46930339512080055
127.0 1.3619714992185052
128.0 -2.673019572565093
129.0 2.9630650217854235
130.0 -2.121320343559719
131.0 0.4693033951206727
132.0 1.3619714992186207
133.0 -2.6730195725650745
134.0 2.9630650217854297
135.0 -2.1213203435596277
136.0 0.4693033951208818
137.0 1.3619714992185838
138.0 -2.673019572565056
139.0 2.9630650217854098
140.0 -2.1213203435597774
141.0 0.46930339512075403
142.0 1.3619714992186993
143.0 -2.6730195725650367
144.0 2.963065021785416
145.0 -2.1213203435596855
146.0 0.46930339512062624
147.0 1.3619714992185106
148.0 -2.673019572565096
149.0 2.9630650217854226
150.0 -2.1213203435597148
151.0 0.4693033951208353
152.0 1.3619714992186258
153.0 -2.6730195725649994
154.0 2.963065021785429
155.0 -2.1213203435596233
156.0 0.4693033951207076
157.0 1.3619714992185892
158.0 -2.6730195725650585
159.0 2.9630650217854084
160.0 -2.121320343559773
161.0 0.46930339512074826
162.0 1.3619714992185525
163.0 -2.673019572565117
164.0 2.963065021785442
165.0 -2.121320343559682
166.0 0.4693033951207889
167.0 1.361971499218516
168.0 -2.6730195725650985
169.0 2.9630650217854217
170.0 -2.12132034355959
171.0 0.4693033951208296
172.0 1.3619714992186311
173.0 -2.67301957256508
174.0 2.963065021785428
175.0 -2.1213203435597396
176.0 0.46930339512070174
177.0 1.3619714992184424
178.0 -2.673019572565061
179.0 2.9630650217854346
180.0 -2.121320343559648
181.0 0.4693033951207424
182.0 1.3619714992185576
183.0 -2.67301957256512
184.0 2.963065021785441
185.0 -2.1213203435596775
186.0 0.4693033951207831
187.0 1.3619714992186729
188.0 -2.6730195725650234
189.0 2.963065021785421
190.0 -2.121320343559707
191.0 0.46930339512082375
192.0 1.3619714992186363
193.0 -2.6730195725650825
194.0 2.9630650217854004
195.0 -2.1213203435597356
196.0 0.46930339512069597
197.0 1.3619714992185996
198.0 -2.673019572565064
199.0 2.9630650217854337
200.0 -2.1213203435596446
201.0 0.469303395120905
202.0 1.361971499218563
203.0 -2.6730195725650447
204.0 2.96306502178544
205.0 -2.1213203435595527
206.0 0.4693033951206088
207.0 1.3619714992186782
208.0 -2.673019572565104
209.0 2.9630650217854195
210.0 -2.1213203435597023
211.0 0.4693033951208179
212.0 1.3619714992184895
213.0 -2.6730195725651624
214.0 2.9630650217853995
215.0 -2.1213203435598524
216.0 0.4693033951206902
217.0 1.361971499218605
218.0 -2.6730195725650665
219.0 2.963065021785379
220.0 -2.1213203435597605
221.0 0.46930339512089925
222.0 1.3619714992187202
223.0 -2.673019572565125
224.0 2.963065021785466
225.0 -2.121320343559669
226.0 0.46930339512077146
227.0 1.3619714992185314
228.0 -2.6730195725650288
229.0 2.9630650217854457
230.0 -2.121320343559578
231.0 0.46930339512064373
232.0 1.3619714992186467
233.0 -2.673019572565088
234.0 2.9630650217854253
235.0 -2.121320343559727
236.0 0.4693033951205159
237.0 1.3619714992184582
238.0 -2.6730195725649915
239.0 2.963065021785405
240.0 -2.121320343559636
241.0 0.4693033951210619
242.0 1.3619714992185734
243.0 -2.6730195725650505
244.0 2.963065021785438
245.0 -2.1213203435595442
246.0 0.4693033951209341
247.0 1.3619714992186887
248.0 -2.673019572565109
249.0 2.963065021785418
250.0 -2.121320343559694
251.0 0.4693033951208063
252.0 1.3619714992185
253.0 -2.6730195725651678
254.0 2.963065021785451
255.0 -2.121320343559844
256.0 0.46930339512067853
257.0 1.3619714992186154
258.0 -2.673019572565072
259.0 2.963065021785431
260.0 -2.121320343559752
261.0 0.4693033951205508
262.0 1.3619714992187304
263.0 -2.6730195725649755
264.0 2.9630650217854106
265.0 -2.1213203435596606
266.0 0.4693033951207599
267.0 1.361971499218542
268.0 -2.673019572565034
269.0 2.9630650217854435
270.0 -2.1213203435595696
271.0 0.46930339512063207
272.0 1.3619714992183534
273.0 -2.673019572565093
274.0 2.9630650217854235
275.0 -2.121320343559719
276.0 0.4693033951208412
277.0 1.3619714992184686
278.0 -2.6730195725651518
279.0 2.963065021785403
280.0 -2.1213203435598684
281.0 0.4693033951207134
282.0 1.3619714992185838
283.0 -2.673019572565056
284.0 2.963065021785383
285.0 -2.1213203435597774
286.0 0.4693033951209225
287.0 1.3619714992186993
288.0 -2.6730195725651145
289.0 2.9630650217854697
290.0 -2.1213203435596855
291.0 0.46930339512079466
292.0 1.3619714992188143
293.0 -2.673019572565018
294.0 2.9630650217854493
295.0 -2.121320343559594
296.0 0.469303395120667
297.0 1.3619714992186258
298.0 -2.673019572565077
299.0 2.963065021785429
300.0 -2.121320343559744
301.0 0.46930339512053915
302.0 1.3619714992184373
303.0 -2.673019572564981
304.0 2.9630650217854084
305.0 -2.1213203435596526
306.0 0.4693033951210851
307.0 1.3619714992185525
308.0 -2.6730195725650394
309.0 2.963065021785389
310.0 -2.121320343559561
311.0 0.4693033951209573
312.0 1.3619714992186678
313.0 -2.6730195725650985
314.0 2.9630650217854217
315.0 -2.1213203435597108
316.0 0.4693033951208296
317.0 1.361971499218479
318.0 -2.673019572565157
319.0 2.9630650217854546
320.0 -2.1213203435598604
321.0 0.46930339512070174
322.0 1.3619714992185943
323.0 -2.6730195725652157
324.0 2.9630650217854346
325.0 -2.121320343559769
326.0 0.46930339512057406
327.0 1.3619714992187097
328.0 -2.673019572564965
329.0 2.963065021785414
330.0 -2.1213203435596775
331.0 0.4693033951207831
332.0 1.361971499218521
333.0 -2.6730195725650234
334.0 2.9630650217854475
335.0 -2.121320343559586
336.0 0.46930339512065533
337.0 1.3619714992183323
338.0 -2.6730195725650825
339.0 2.963065021785427
340.0 -2.1213203435594945
341.0 0.4693033951208644
342.0 1.3619714992184477
343.0 -2.673019572565141
344.0 2.963065021785407
345.0 -2.1213203435598853
346.0 0.46930339512073665
347.0 1.361971499218563
348.0 -2.6730195725650447
349.0 2.9630650217853867
350.0 -2.121320343559794
351.0 0.46930339512094577
352.0 1.3619714992186782
353.0 -2.673019572565104
354.0 2.9630650217854733
355.0 -2.1213203435597023
356.0 0.4693033951208179
357.0 1.3619714992187935
358.0 -2.6730195725650074
359.0 2.963065021785453
360.0 -2.121320343559611
361.0 0.4693033951206902
362.0 1.3619714992186047
363.0 -2.6730195725650665
364.0 2.9630650217854324
365.0 -2.1213203435597605
366.0 0.4693033951205624
367.0 1.3619714992184162
368.0 -2.67301957256497
369.0 2.9630650217854124
370.0 -2.121320343559669
371.0 0.46930339512110836
372.0 1.3619714992185314
373.0 -2.6730195725650288
374.0 2.9630650217853924
375.0 -2.121320343559578
376.0 0.4693033951209805
377.0 1.3619714992186467
378.0 -2.673019572565088
379.0 2.9630650217854253
380.0 -2.121320343559727
381.0 0.46930339512085284
382.0 1.3619714992184582
383.0 -2.6730195725651464
384.0 2.963065021785405
385.0 -2.121320343559877
386.0 0.469303395120725
387.0 1.3619714992185734
388.0 -2.673019572565205
389.0 2.963065021785438
390.0 -2.121320343559786
391.0 0.46930339512059727
392.0 1.3619714992186887
393.0 -2.673019572564954
394.0 2.963065021785418
395.0 -2.121320343559694
396.0 0.4693033951208063
397.0 1.361971499218804
398.0 -2.6730195725650128
399.0 2.963065021785451
400.0 -2.1213203435596024
401.0 0.46930339512067853
402.0 1.3619714992183116
403.0 -2.673019572565072
404.0 2.963065021785431
405.0 -2.1213203435595114
406.0 0.4693033951208876
407.0 1.3619714992187304
408.0 -2.6730195725649755
409.0 2.9630650217854106
410.0 -2.1213203435594195
411.0 0.4693033951207599
412.0 1.3619714992188459
413.0 -2.673019572565034
414.0 2.96306502178539
415.0 -2.1213203435598107
416.0 0.46930339512063207
417.0 1.3619714992183534
418.0 -2.673019572565093
419.0 2.963065021785477
420.0 -2.121320343559719
421.0 0.46930339512050434
422.0 1.3619714992184686
423.0 -2.6730195725651518
424.0 2.9630650217854564
425.0 -2.1213203435596277
426.0 0.46930339512037655
427.0 1.3619714992185838
428.0 -2.6730195725652104
429.0 2.9630650217854364
430.0 -2.1213203435600185
431.0 0.4693033951209225
432.0 1.3619714992186993
433.0 -2.673019572565269
434.0 2.963065021785416
435.0 -2.121320343559927
436.0 0.46930339512079466
437.0 1.3619714992182066
438.0 -2.6730195725653276
439.0 2.963065021785396
440.0 -2.1213203435598356
441.0 0.469303395120667
442.0 1.3619714992183218
443.0 -2.673019572565077
444.0 2.9630650217853756
445.0 -2.121320343559744
446.0 0.46930339512053915
447.0 1.3619714992184373
448.0 -2.673019572564826
449.0 2.963065021785355
450.0 -2.1213203435596526
451.0 0.4693033951204114
452.0 1.3619714992185525
453.0 -2.673019572564885
454.0 2.963065021785442
455.0 -2.121320343559561
456.0 0.4693033951209573
457.0 1.3619714992186678
458.0 -2.6730195725649435
459.0 2.9630650217854217
460.0 -2.1213203435594696
461.0 0.4693033951208296
462.0 1.361971499218783
463.0 -2.673019572565002
464.0 2.9630650217854013
465.0 -2.1213203435598604
466.0 0.46930339512070174
467.0 1.3619714992188983
468.0 -2.673019572565061
469.0 2.963065021785488
470.0 -2.121320343559769
471.0 0.46930339512124775
472.0 1.3619714992190135
473.0 -2.67301957256512
474.0 2.9630650217854675
475.0 -2.1213203435596775
476.0 0.46930339512112
477.0 1.3619714992191287
478.0 -2.6730195725651784
479.0 2.9630650217854475
480.0 -2.121320343559586
481.0 0.4693033951209922
482.0 1.3619714992180285
483.0 -2.673019572565237
484.0 2.963065021785427
485.0 -2.1213203435594945
486.0 0.4693033951208644
487.0 1.3619714992181438
488.0 -2.673019572564986
489.0 2.963065021785407
490.0 -2.121320343559403
491.0 0.46930339512073665
492.0 1.361971499218259
493.0 -2.6730195725650447
494.0 2.9630650217853867
495.0 -2.121320343559794
496.0 0.4693033951206088
497.0 1.3619714992183742
498.0 -2.673019572565104
499.0 2.9630650217854733
