0
0
1001
0 10000.0
1 10010.0
2 10020.0
3 10030.0
4 10040.0
5 10050.0
6 10060.0
7 10070.0
8 10080.0
9 10090.0
10 10100.0
11 10110.0
12 10120.0
13 10130.0
14 10140.0
15 10150.0
16 10160.0
17 10170.0
18 10180.0
19 10190.0
20 10200.0
21 10210.0
22 10220.0
23 10230.0
24 10240.0
25 10250.0
26 10260.0
27 10270.0
28 10280.0
29 10290.0
30 10300.0
31 10310.0
32 10320.0
33 10330.0
34 10340.0
35 10350.0
36 10360.0
37 10370.0
38 10380.0
39 10390.0
40 10400.0
41 10410.0
42 10420.0
43 10430.0
44 10440.0
45 10450.0
46 10460.0
47 10470.0
48 10480.0
49 10490.0
50 10500.0
51 10510.0
52 10520.0
53 10530.0
54 10540.0
55 10550.0
56 10560.0
57 10570.0
58 10580.0
59 10590.0
60 10600.0
61 10610.0
62 10620.0
63 10630.0
64 10640.0
65 10650.0
66 10660.0
67 10670.0
68 10680.0
69 10690.0
70 10700.0
71 10710.0
72 10720.0
73 10730.0
74 10740.0
75 10750.0
76 10760.0
77 10770.0
78 10780.0
79 10790.0
80 10800.0
81 10810.0
82 10820.0
83 10830.0
84 10840.0
85 10850.0
86 10860.0
87 10870.0
88 10880.0
89 10890.0
90 10900.0
91 10910.0
92 10920.0
93 10930.0
94 10940.0
95 10950.0
96 10960.0
97 10970.0
98 10980.0
99 10990.0
100 11000.0
101 11010.0
102 11020.0
103 11030.0
104 11040.0
105 11050.0
106 11060.0
107 11070.0
108 11080.0
109 11090.0
110 11100.0
111 11110.0
112 11120.0
113 11130.0
114 11140.0
115 11150.0
116 11160.0
117 11170.0
118 11180.0
119 11190.0
120 11200.0
121 11210.0
122 11220.0
123 11230.0
124 11240.0
125 11250.0
126 11260.0
127 11270.0
128 11280.0
129 11290.0
130 11300.0
131 11310.0
132 11320.0
133 11330.0
134 11340.0
135 11350.0
136 11360.0
137 11370.0
138 11380.0
139 11390.0
140 11400.0
141 11410.0
142 11420.0
143 11430.0
144 11440.0
145 11450.0
146 11460.0
147 11470.0
148 11480.0
149 11490.0
150 11500.0
151 11510.0
152 11520.0
153 11530.0
154 11540.0
155 11550.0
156 11560.0
157 11570.0
158 11580.0
159 11590.0
160 11600.0
161 11610.0
162 11620.0
163 11630.0
164 11640.0
165 11650.0
166 11660.0
167 11670.0
168 11680.0
169 11690.0
170 11700.0
171 11710.0
172 11720.0
173 11730.0
174 11740.0
175 11750.0
176 11760.0
177 11770.0
178 11780.0
179 11790.0
180 11800.0
181 11810.0
182 11820.0
183 11830.0
184 11840.0
185 11850.0
186 11860.0
187 11870.0
188 11880.0
189 11890.0
190 11900.0
191 11910.0
192 11920.0
193 11930.0
194 11940.0
195 11950.0
196 11960.0
197 11970.0
198 11980.0
199 11990.0
200 12000.0
201 12010.0
202 12020.0
203 12030.0
204 12040.0
205 12050.0
206 12060.0
207 12070.0
208 12080.0
209 12090.0
210 12100.0
211 12110.0
212 12120.0
213 12130.0
214 12140.0
215 12150.0
216 12160.0
217 12170.0
218 12180.0
219 12190.0
220 12200.0
221 12210.0
222 12220.0
223 12230.0
224 12240.0
225 12250.0
226 12260.0
227 12270.0
228 12280.0
229 12290.0
230 12300.0
231 12310.0
232 12320.0
233 12330.0
234 12340.0
235 12350.0
236 12360.0
237 12370.0
238 12380.0
239 12390.0
240 12400.0
241 12410.0
242 12420.0
243 12430.0
244 12440.0
245 12450.0
246 12460.0
247 12470.0
248 12480.0
249 12490.0
250 12500.0
251 12510.0
252 12520.0
253 12530.0
254 12540.0
255 12550.0
256 12560.0
257 12570.0
258 12580.0
259 12590.0
260 12600.0
261 12610.0
262 12620.0
263 12630.0
264 12640.0
265 12650.0
266 12660.0
267 12670.0
268 12680.0
269 12690.0
270 12700.0
271 12710.0
272 12720.0
273 12730.0
274 12740.0
275 12750.0
276 12760.0
277 12770.0
278 12780.0
279 12790.0
280 12800.0
281 12810.0
282 12820.0
283 12830.0
284 12840.0
285 12850.0
286 12860.0
287 12870.0
288 12880.0
289 12890.0
290 12900.0
291 12910.0
292 12920.0
293 12930.0
294 12940.0
295 12950.0
296 12960.0
297 12970.0
298 12980.0
299 12990.0
300 13000.0
301 13010.0
302 13020.0
303 13030.0
304 13040.0
305 13050.0
306 13060.0
307 13070.0
308 13080.0
309 13090.0
310 13100.0
311 13110.0
312 13120.0
313 13130.0
314 13140.0
315 13150.0
316 13160.0
317 13170.0
318 13180.0
319 13190.0
320 13200.0
321 13210.0
322 13220.0
323 13230.0
324 13240.0
325 13250.0
326 13260.0
327 13270.0
328 13280.0
329 13290.0
330 13300.0
331 13310.0
332 13320.0
333 13330.0
334 13340.0
335 13350.0
336 13360.0
337 13370.0
338 13380.0
339 13390.0
340 13400.0
341 13410.0
342 13420.0
343 13430.0
344 13440.0
345 13450.0
346 13460.0
347 13470.0
348 13480.0
349 13490.0
350 13500.0
351 13510.0
352 13520.0
353 13530.0
354 13540.0
355 13550.0
356 13560.0
357 13570.0
358 13580.0
359 13590.0
360 13600.0
361 13610.0
362 13620.0
363 13630.0
364 13640.0
365 13650.0
366 13660.0
367 13670.0
368 13680.0
369 13690.0
370 13700.0
371 13710.0
372 13720.0
373 13730.0
374 13740.0
375 13750.0
376 13760.0
377 13770.0
378 13780.0
379 13790.0
380 13800.0
381 13810.0
382 13820.0
383 13830.0
384 13840.0
385 13850.0
386 13860.0
387 13870.0
388 13880.0
389 13890.0
390 13900.0
391 13910.0
392 13920.0
393 13930.0
394 13940.0
395 13950.0
396 13960.0
397 13970.0
398 13980.0
399 13990.0
400 14000.0
401 14010.0
402 14020.0
403 14030.0
404 14040.0
405 14050.0
406 14060.0
407 14070.0
408 14080.0
409 14090.0
410 14100.0
411 14110.0
412 14120.0
413 14130.0
414 14140.0
415 14150.0
416 14160.0
417 14170.0
418 14180.0
419 14190.0
420 14200.0
421 14210.0
422 14220.0
423 14230.0
424 14240.0
425 14250.0
426 14260.0
427 14270.0
428 14280.0
429 14290.0
430 14300.0
431 14310.0
432 14320.0
433 14330.0
434 14340.0
435 14350.0
436 14360.0
437 14370.0
438 14380.0
439 14390.0
440 14400.0
441 14410.0
442 14420.0
443 14430.0
444 14440.0
445 14450.0
446 14460.0
447 14470.0
448 14480.0
449 14490.0
450 14500.0
451 14510.0
452 14520.0
453 14530.0
454 14540.0
455 14550.0
456 14560.0
457 14570.0
458 14580.0
459 14590.0
460 14600.0
461 14610.0
462 14620.0
463 14630.0
464 14640.0
465 14650.0
466 14660.0
467 14670.0
468 14680.0
469 14690.0
470 14700.0
471 14710.0
472 14720.0
473 14730.0
474 14740.0
475 14750.0
476 14760.0
477 14770.0
478 14780.0
479 14790.0
480 14800.0
481 14810.0
482 14820.0
483 14830.0
484 14840.0
485 14850.0
486 14860.0
487 14870.0
488 14880.0
489 14890.0
490 14900.0
491 14910.0
492 14920.0
493 14930.0
494 14940.0
495 14950.0
496 14960.0
497 14970.0
498 14980.0
499 14990.0
500 15000.0
501 15010.0
502 15020.0
503 15030.0
504 15040.0
505 15050.0
506 15060.0
507 15070.0
508 15080.0
509 15090.0
510 15100.0
511 15110.0
512 15120.0
513 15130.0
514 15140.0
515 15150.0
516 15160.0
517 15170.0
518 15180.0
519 15190.0
520 15200.0
521 15210.0
522 15220.0
523 15230.0
524 15240.0
525 15250.0
526 15260.0
527 15270.0
528 15280.0
529 15290.0
530 15300.0
531 15310.0
532 15320.0
533 15330.0
534 15340.0
535 15350.0
536 15360.0
537 15370.0
538 15380.0
539 15390.0
540 15400.0
541 15410.0
542 15420.0
543 15430.0
544 15440.0
545 15450.0
546 15460.0
547 15470.0
548 15480.0
549 15490.0
550 15500.0
551 15510.0
552 15520.0
553 15530.0
554 15540.0
555 15550.0
556 15560.0
557 15570.0
558 15580.0
559 15590.0
560 15600.0
561 15610.0
562 15620.0
563 15630.0
564 15640.0
565 15650.0
566 15660.0
567 15670.0
568 15680.0
569 15690.0
570 15700.0
571 15710.0
572 15720.0
573 15730.0
574 15740.0
575 15750.0
576 15760.0
577 15770.0
578 15780.0
579 15790.0
580 15800.0
581 15810.0
582 15820.0
583 15830.0
584 15840.0
585 15850.0
586 15860.0
587 15870.0
588 15880.0
589 15890.0
590 15900.0
591 15910.0
592 15920.0
593 15930.0
594 15940.0
595 15950.0
596 15960.0
597 15970.0
598 15980.0
599 15990.0
600 16000.0
601 16010.0
602 16020.0
603 16030.0
604 16040.0
605 16050.0
606 16060.0
607 16070.0
608 16080.0
609 16090.0
610 16100.0
611 16110.0
612 16120.0
613 16130.0
614 16140.0
615 16150.0
616 16160.0
617 16170.0
618 16180.0
619 16190.0
620 16200.0
621 16210.0
622 16220.0
623 16230.0
624 16240.0
625 16250.0
626 16260.0
627 16270.0
628 16280.0
629 16290.0
630 16300.0
631 16310.0
632 16320.0
633 16330.0
634 16340.0
635 16350.0
636 16360.0
637 16370.0
638 16380.0
639 16390.0
640 16400.0
641 16410.0
642 16420.0
643 16430.0
644 16440.0
645 16450.0
646 16460.0
647 16470.0
648 16480.0
649 16490.0
650 16500.0
651 16510.0
652 16520.0
653 16530.0
654 16540.0
655 16550.0
656 16560.0
657 16570.0
658 16580.0
659 16590.0
660 16600.0
661 16610.0
662 16620.0
663 16630.0
664 16640.0
665 16650.0
666 16660.0
667 16670.0
668 16680.0
669 16690.0
670 16700.0
671 16710.0
672 16720.0
673 16730.0
674 16740.0
675 16750.0
676 16760.0
677 16770.0
678 16780.0
679 16790.0
680 16800.0
681 16810.0
682 16820.0
683 16830.0
684 16840.0
685 16850.0
686 16860.0
687 16870.0
688 16880.0
689 16890.0
690 16900.0
691 16910.0
692 16920.0
693 16930.0
694 16940.0
695 16950.0
696 16960.0
697 16970.0
698 16980.0
699 16990.0
700 17000.0
701 17010.0
702 17020.0
703 17030.0
704 17040.0
705 17050.0
706 17060.0
707 17070.0
708 17080.0
709 17090.0
710 17100.0
711 17110.0
712 17120.0
713 17130.0
714 17140.0
715 17150.0
716 17160.0
717 17170.0
718 17180.0
719 17190.0
720 17200.0
721 17210.0
722 17220.0
723 17230.0
724 17240.0
725 17250.0
726 17260.0
727 17270.0
728 17280.0
729 17290.0
730 17300.0
731 17310.0
732 17320.0
733 17330.0
734 17340.0
735 17350.0
736 17360.0
737 17370.0
738 17380.0
739 17390.0
740 17400.0
741 17410.0
742 17420.0
743 17430.0
744 17440.0
745 17450.0
746 17460.0
747 17470.0
748 17480.0
749 17490.0
750 17500.0
751 17510.0
752 17520.0
753 17530.0
754 17540.0
755 17550.0
756 17560.0
757 17570.0
758 17580.0
759 17590.0
760 17600.0
761 17610.0
762 17620.0
763 17630.0
764 17640.0
765 17650.0
766 17660.0
767 17670.0
768 17680.0
769 17690.0
770 17700.0
771 17710.0
772 17720.0
773 17730.0
774 17740.0
775 17750.0
776 17760.0
777 17770.0
778 17780.0
779 17790.0
780 17800.0
781 17810.0
782 17820.0
783 17830.0
784 17840.0
785 17850.0
786 17860.0
787 17870.0
788 17880.0
789 17890.0
790 17900.0
791 17910.0
792 17920.0
793 17930.0
794 17940.0
795 17950.0
796 17960.0
797 17970.0
798 17980.0
799 17990.0
800 18000.0
801 18010.0
802 18020.0
803 18030.0
804 18040.0
805 18050.0
806 18060.0
807 18070.0
808 18080.0
809 18090.0
810 18100.0
811 18110.0
812 18120.0
813 18130.0
814 18140.0
815 18150.0
816 18160.0
817 18170.0
818 18180.0
819 18190.0
820 18200.0
821 18210.0
822 18220.0
823 18230.0
824 18240.0
825 18250.0
826 18260.0
827 18270.0
828 18280.0
829 18290.0
830 18300.0
831 18310.0
832 18320.0
833 18330.0
834 18340.0
835 18350.0
836 18360.0
837 18370.0
838 18380.0
839 18390.0
840 18400.0
841 18410.0
842 18420.0
843 18430.0
844 18440.0
845 18450.0
846 18460.0
847 18470.0
848 18480.0
849 18490.0
850 18500.0
851 18510.0
852 18520.0
853 18530.0
854 18540.0
855 18550.0
856 18560.0
857 18570.0
858 18580.0
859 18590.0
860 18600.0
861 18610.0
862 18620.0
863 18630.0
864 18640.0
865 18650.0
866 18660.0
867 18670.0
868 18680.0
869 18690.0
870 18700.0
871 18710.0
872 18720.0
873 18730.0
874 18740.0
875 18750.0
876 18760.0
877 18770.0
878 18780.0
879 18790.0
880 18800.0
881 18810.0
882 18820.0
883 18830.0
884 18840.0
885 18850.0
886 18860.0
887 18870.0
888 18880.0
889 18890.0
890 18900.0
891 18910.0
892 18920.0
893 18930.0
894 18940.0
895 18950.0
896 18960.0
897 18970.0
898 18980.0
899 18990.0
900 19000.0
901 19010.0
902 19020.0
903 19030.0
904 19040.0
905 19050.0
906 19060.0
907 19070.0
908 19080.0
909 19090.0
910 19100.0
911 19110.0
912 19120.0
913 19130.0
914 19140.0
915 19150.0
916 19160.0
917 19170.0
918 19180.0
919 19190.0
920 19200.0
921 19210.0
922 19220.0
923 19230.0
924 19240.0
925 19250.0
926 19260.0
927 19270.0
928 19280.0
929 19290.0
930 19300.0
931 19310.0
932 19320.0
933 19330.0
934 19340.0
935 19350.0
936 19360.0
937 19370.0
938 19380.0
939 19390.0
940 19400.0
941 19410.0
942 19420.0
943 19430.0
944 19440.0
945 19450.0
946 19460.0
947 19470.0
948 19480.0
949 19490.0
950 19500.0
951 19510.0
952 19520.0
953 19530.0
954 19540.0
955 19550.0
956 19560.0
957 19570.0
958 19580.0
959 19590.0
960 19600.0
961 19610.0
962 19620.0
963 19630.0
964 19640.0
965 19650.0
966 19660.0
967 19670.0
968 19680.0
969 19690.0
970 19700.0
971 19710.0
972 19720.0
973 19730.0
974 19740.0
975 19750.0
976 19760.0
977 19770.0
978 19780.0
979 19790.0
980 19800.0
981 19810.0
982 19820.0
983 19830.0
984 19840.0
985 19850.0
986 19860.0
987 19870.0
988 19880.0
989 19890.0
990 19900.0
991 19910.0
992 19920.0
993 19930.0
994 19940.0
995 19950.0
996 19960.0
997 19970.0
998 19980.0
999 19990.0
1000 20000.0
