0
0
1001
0 2000.0
1 2002.0
2 2004.0
3 2006.0
4 2008.0
5 2010.0
6 2012.0
7 2014.0
8 2016.0
9 2018.0
10 2020.0
11 2022.0
12 2024.0
13 2026.0
14 2028.0
15 2030.0
16 2032.0
17 2034.0
18 2036.0
19 2038.0
20 2040.0
21 2042.0
22 2044.0
23 2046.0
24 2048.0
25 2050.0
26 2052.0
27 2054.0
28 2056.0
29 2058.0
30 2060.0
31 2062.0
32 2064.0
33 2066.0
34 2068.0
35 2070.0
36 2072.0
37 2074.0
38 2076.0
39 2078.0
40 2080.0
41 2082.0
42 2084.0
43 2086.0
44 2088.0
45 2090.0
46 2092.0
47 2094.0
48 2096.0
49 2098.0
50 2100.0
51 2102.0
52 2104.0
53 2106.0
54 2108.0
55 2110.0
56 2112.0
57 2114.0
58 2116.0
59 2118.0
60 2120.0
61 2122.0
62 2124.0
63 2126.0
64 2128.0
65 2130.0
66 2132.0
67 2134.0
68 2136.0
69 2138.0
70 2140.0
71 2142.0
72 2144.0
73 2146.0
74 2148.0
75 2150.0
76 2152.0
77 2154.0
78 2156.0
79 2158.0
80 2160.0
81 2162.0
82 2164.0
83 2166.0
84 2168.0
85 2170.0
86 2172.0
87 2174.0
88 2176.0
89 2178.0
90 2180.0
91 2182.0
92 2184.0
93 2186.0
94 2188.0
95 2190.0
96 2192.0
97 2194.0
98 2196.0
99 2198.0
100 2200.0
101 2202.0
102 2204.0
103 2206.0
104 2208.0
105 2210.0
106 2212.0
107 2214.0
108 2216.0
109 2218.0
110 2220.0
111 2222.0
112 2224.0
113 2226.0
114 2228.0
115 2230.0
116 2232.0
117 2234.0
118 2236.0
119 2238.0
120 2240.0
121 2242.0
122 2244.0
123 2246.0
124 2248.0
125 2250.0
126 2252.0
127 2254.0
128 2256.0
129 2258.0
130 2260.0
131 2262.0
132 2264.0
133 2266.0
134 2268.0
135 2270.0
136 2272.0
137 2274.0
138 2276.0
139 2278.0
140 2280.0
141 2282.0
142 2284.0
143 2286.0
144 2288.0
145 2290.0
146 2292.0
147 2294.0
148 2296.0
149 2298.0
150 2300.0
151 2302.0
152 2304.0
153 2306.0
154 2308.0
155 2310.0
156 2312.0
157 2314.0
158 2316.0
159 2318.0
160 2320.0
161 2322.0
162 2324.0
163 2326.0
164 2328.0
165 2330.0
166 2332.0
167 2334.0
168 2336.0
169 2338.0
170 2340.0
171 2342.0
172 2344.0
173 2346.0
174 2348.0
175 2350.0
176 2352.0
177 2354.0
178 2356.0
179 2358.0
180 2360.0
181 2362.0
182 2364.0
183 2366.0
184 2368.0
185 2370.0
186 2372.0
187 2374.0
188 2376.0
189 2378.0
190 2380.0
191 2382.0
192 2384.0
193 2386.0
194 2388.0
195 2390.0
196 2392.0
197 2394.0
198 2396.0
199 2398.0
200 2400.0
201 2402.0
202 2404.0
203 2406.0
204 2408.0
205 2410.0
206 2412.0
207 2414.0
208 2416.0
209 2418.0
210 2420.0
211 2422.0
212 2424.0
213 2426.0
214 2428.0
215 2430.0
216 2432.0
217 2434.0
218 2436.0
219 2438.0
220 2440.0
221 2442.0
222 2444.0
223 2446.0
224 2448.0
225 2450.0
226 2452.0
227 2454.0
228 2456.0
229 2458.0
230 2460.0
231 2462.0
232 2464.0
233 2466.0
234 2468.0
235 2470.0
236 2472.0
237 2474.0
238 2476.0
239 2478.0
240 2480.0
241 2482.0
242 2484.0
243 2486.0
244 2488.0
245 2490.0
246 2492.0
247 2494.0
248 2496.0
249 2498.0
250 2500.0
251 2502.0
252 2504.0
253 2506.0
254 2508.0
255 2510.0
256 2512.0
257 2514.0
258 2516.0
259 2518.0
260 2520.0
261 2522.0
262 2524.0
263 2526.0
264 2528.0
265 2530.0
266 2532.0
267 2534.0
268 2536.0
269 2538.0
270 2540.0
271 2542.0
272 2544.0
273 2546.0
274 2548.0
275 2550.0
276 2552.0
277 2554.0
278 2556.0
279 2558.0
280 2560.0
281 2562.0
282 2564.0
283 2566.0
284 2568.0
285 2570.0
286 2572.0
287 2574.0
288 2576.0
289 2578.0
290 2580.0
291 2582.0
292 2584.0
293 2586.0
294 2588.0
295 2590.0
296 2592.0
297 2594.0
298 2596.0
299 2598.0
300 2600.0
301 2602.0
302 2604.0
303 2606.0
304 2608.0
305 2610.0
306 2612.0
307 2614.0
308 2616.0
309 2618.0
310 2620.0
311 2622.0
312 2624.0
313 2626.0
314 2628.0
315 2630.0
316 2632.0
317 2634.0
318 2636.0
319 2638.0
320 2640.0
321 2642.0
322 2644.0
323 2646.0
324 2648.0
325 2650.0
326 2652.0
327 2654.0
328 2656.0
329 2658.0
330 2660.0
331 2662.0
332 2664.0
333 2666.0
334 2668.0
335 2670.0
336 2672.0
337 2674.0
338 2676.0
339 2678.0
340 2680.0
341 2682.0
342 2684.0
343 2686.0
344 2688.0
345 2690.0
346 2692.0
347 2694.0
348 2696.0
349 2698.0
350 2700.0
351 2702.0
352 2704.0
353 2706.0
354 2708.0
355 2710.0
356 2712.0
357 2714.0
358 2716.0
359 2718.0
360 2720.0
361 2722.0
362 2724.0
363 2726.0
364 2728.0
365 2730.0
366 2732.0
367 2734.0
368 2736.0
369 2738.0
370 2740.0
371 2742.0
372 2744.0
373 2746.0
374 2748.0
375 2750.0
376 2752.0
377 2754.0
378 2756.0
379 2758.0
380 2760.0
381 2762.0
382 2764.0
383 2766.0
384 2768.0
385 2770.0
386 2772.0
387 2774.0
388 2776.0
389 2778.0
390 2780.0
391 2782.0
392 2784.0
393 2786.0
394 2788.0
395 2790.0
396 2792.0
397 2794.0
398 2796.0
399 2798.0
400 2800.0
401 2802.0
402 2804.0
403 2806.0
404 2808.0
405 2810.0
406 2812.0
407 2814.0
408 2816.0
409 2818.0
410 2820.0
411 2822.0
412 2824.0
413 2826.0
414 2828.0
415 2830.0
416 2832.0
417 2834.0
418 2836.0
419 2838.0
420 2840.0
421 2842.0
422 2844.0
423 2846.0
424 2848.0
425 2850.0
426 2852.0
427 2854.0
428 2856.0
429 2858.0
430 2860.0
431 2862.0
432 2864.0
433 2866.0
434 2868.0
435 2870.0
436 2872.0
437 2874.0
438 2876.0
439 2878.0
440 2880.0
441 2882.0
442 2884.0
443 2886.0
444 2888.0
445 2890.0
446 2892.0
447 2894.0
448 2896.0
449 2898.0
450 2900.0
451 2902.0
452 2904.0
453 2906.0
454 2908.0
455 2910.0
456 2912.0
457 2914.0
458 2916.0
459 2918.0
460 2920.0
461 2922.0
462 2924.0
463 2926.0
464 2928.0
465 2930.0
466 2932.0
467 2934.0
468 2936.0
469 2938.0
470 2940.0
471 2942.0
472 2944.0
473 2946.0
474 2948.0
475 2950.0
476 2952.0
477 2954.0
478 2956.0
479 2958.0
480 2960.0
481 2962.0
482 2964.0
483 2966.0
484 2968.0
485 2970.0
486 2972.0
487 2974.0
488 2976.0
489 2978.0
490 2980.0
491 2982.0
492 2984.0
493 2986.0
494 2988.0
495 2990.0
496 2992.0
497 2994.0
498 2996.0
499 2998.0
500 3000.0
501 3002.0
502 3004.0
503 3006.0
504 3008.0
505 3010.0
506 3012.0
507 3014.0
508 3016.0
509 3018.0
510 3020.0
511 3022.0
512 3024.0
513 3026.0
514 3028.0
515 3030.0
516 3032.0
517 3034.0
518 3036.0
519 3038.0
520 3040.0
521 3042.0
522 3044.0
523 3046.0
524 3048.0
525 3050.0
526 3052.0
527 3054.0
528 3056.0
529 3058.0
530 3060.0
531 3062.0
532 3064.0
533 3066.0
534 3068.0
535 3070.0
536 3072.0
537 3074.0
538 3076.0
539 3078.0
540 3080.0
541 3082.0
542 3084.0
543 3086.0
544 3088.0
545 3090.0
546 3092.0
547 3094.0
548 3096.0
549 3098.0
550 3100.0
551 3102.0
552 3104.0
553 3106.0
554 3108.0
555 3110.0
556 3112.0
557 3114.0
558 3116.0
559 3118.0
560 3120.0
561 3122.0
562 3124.0
563 3126.0
564 3128.0
565 3130.0
566 3132.0
567 3134.0
568 3136.0
569 3138.0
570 3140.0
571 3142.0
572 3144.0
573 3146.0
574 3148.0
575 3150.0
576 3152.0
577 3154.0
578 3156.0
579 3158.0
580 3160.0
581 3162.0
582 3164.0
583 3166.0
584 3168.0
585 3170.0
586 3172.0
587 3174.0
588 3176.0
589 3178.0
590 3180.0
591 3182.0
592 3184.0
593 3186.0
594 3188.0
595 3190.0
596 3192.0
597 3194.0
598 3196.0
599 3198.0
600 3200.0
601 3202.0
602 3204.0
603 3206.0
604 3208.0
605 3210.0
606 3212.0
607 3214.0
608 3216.0
609 3218.0
610 3220.0
611 3222.0
612 3224.0
613 3226.0
614 3228.0
615 3230.0
616 3232.0
617 3234.0
618 3236.0
619 3238.0
620 3240.0
621 3242.0
622 3244.0
623 3246.0
624 3248.0
625 3250.0
626 3252.0
627 3254.0
628 3256.0
629 3258.0
630 3260.0
631 3262.0
632 3264.0
633 3266.0
634 3268.0
635 3270.0
636 3272.0
637 3274.0
638 3276.0
639 3278.0
640 3280.0
641 3282.0
642 3284.0
643 3286.0
644 3288.0
645 3290.0
646 3292.0
647 3294.0
648 3296.0
649 3298.0
650 3300.0
651 3302.0
652 3304.0
653 3306.0
654 3308.0
655 3310.0
656 3312.0
657 3314.0
658 3316.0
659 3318.0
660 3320.0
661 3322.0
662 3324.0
663 3326.0
664 3328.0
665 3330.0
666 3332.0
667 3334.0
668 3336.0
669 3338.0
670 3340.0
671 3342.0
672 3344.0
673 3346.0
674 3348.0
675 3350.0
676 3352.0
677 3354.0
678 3356.0
679 3358.0
680 3360.0
681 3362.0
682 3364.0
683 3366.0
684 3368.0
685 3370.0
686 3372.0
687 3374.0
688 3376.0
689 3378.0
690 3380.0
691 3382.0
692 3384.0
693 3386.0
694 3388.0
695 3390.0
696 3392.0
697 3394.0
698 3396.0
699 3398.0
700 3400.0
701 3402.0
702 3404.0
703 3406.0
704 3408.0
705 3410.0
706 3412.0
707 3414.0
708 3416.0
709 3418.0
710 3420.0
711 3422.0
712 3424.0
713 3426.0
714 3428.0
715 3430.0
716 3432.0
717 3434.0
718 3436.0
719 3438.0
720 3440.0
721 3442.0
722 3444.0
723 3446.0
724 3448.0
725 3450.0
726 3452.0
727 3454.0
728 3456.0
729 3458.0
730 3460.0
731 3462.0
732 3464.0
733 3466.0
734 3468.0
735 3470.0
736 3472.0
737 3474.0
738 3476.0
739 3478.0
740 3480.0
741 3482.0
742 3484.0
743 3486.0
744 3488.0
745 3490.0
746 3492.0
747 3494.0
748 3496.0
749 3498.0
750 3500.0
751 3502.0
752 3504.0
753 3506.0
754 3508.0
755 3510.0
756 3512.0
757 3514.0
758 3516.0
759 3518.0
760 3520.0
761 3522.0
762 3524.0
763 3526.0
764 3528.0
765 3530.0
766 3532.0
767 3534.0
768 3536.0
769 3538.0
770 3540.0
771 3542.0
772 3544.0
773 3546.0
774 3548.0
775 3550.0
776 3552.0
777 3554.0
778 3556.0
779 3558.0
780 3560.0
781 3562.0
782 3564.0
783 3566.0
784 3568.0
785 3570.0
786 3572.0
787 3574.0
788 3576.0
789 3578.0
790 3580.0
791 3582.0
792 3584.0
793 3586.0
794 3588.0
795 3590.0
796 3592.0
797 3594.0
798 3596.0
799 3598.0
800 3600.0
801 3602.0
802 3604.0
803 3606.0
804 3608.0
805 3610.0
806 3612.0
807 3614.0
808 3616.0
809 3618.0
810 3620.0
811 3622.0
812 3624.0
813 3626.0
814 3628.0
815 3630.0
816 3632.0
817 3634.0
818 3636.0
819 3638.0
820 3640.0
821 3642.0
822 3644.0
823 3646.0
824 3648.0
825 3650.0
826 3652.0
827 3654.0
828 3656.0
829 3658.0
830 3660.0
831 3662.0
832 3664.0
833 3666.0
834 3668.0
835 3670.0
836 3672.0
837 3674.0
838 3676.0
839 3678.0
840 3680.0
841 3682.0
842 3684.0
843 3686.0
844 3688.0
845 3690.0
846 3692.0
847 3694.0
848 3696.0
849 3698.0
850 3700.0
851 3702.0
852 3704.0
853 3706.0
854 3708.0
855 3710.0
856 3712.0
857 3714.0
858 3716.0
859 3718.0
860 3720.0
861 3722.0
862 3724.0
863 3726.0
864 3728.0
865 3730.0
866 3732.0
867 3734.0
868 3736.0
869 3738.0
870 3740.0
871 3742.0
872 3744.0
873 3746.0
874 3748.0
875 3750.0
876 3752.0
877 3754.0
878 3756.0
879 3758.0
880 3760.0
881 3762.0
882 3764.0
883 3766.0
884 3768.0
885 3770.0
886 3772.0
887 3774.0
888 3776.0
889 3778.0
890 3780.0
891 3782.0
892 3784.0
893 3786.0
894 3788.0
895 3790.0
896 3792.0
897 3794.0
898 3796.0
899 3798.0
900 3800.0
901 3802.0
902 3804.0
903 3806.0
904 3808.0
905 3810.0
906 3812.0
907 3814.0
908 3816.0
909 3818.0
910 3820.0
911 3822.0
912 3824.0
913 3826.0
914 3828.0
915 3830.0
916 3832.0
917 3834.0
918 3836.0
919 3838.0
920 3840.0
921 3842.0
922 3844.0
923 3846.0
924 3848.0
925 3850.0
926 3852.0
927 3854.0
928 3856.0
929 3858.0
930 3860.0
931 3862.0
932 3864.0
933 3866.0
934 3868.0
935 3870.0
936 3872.0
937 3874.0
938 3876.0
939 3878.0
940 3880.0
941 3882.0
942 3884.0
943 3886.0
944 3888.0
945 3890.0
946 3892.0
947 3894.0
948 3896.0
949 3898.0
950 3900.0
951 3902.0
952 3904.0
953 3906.0
954 3908.0
955 3910.0
956 3912.0
957 3914.0
958 3916.0
959 3918.0
960 3920.0
961 3922.0
962 3924.0
963 3926.0
964 3928.0
965 3930.0
966 3932.0
967 3934.0
968 3936.0
969 3938.0
970 3940.0
971 3942.0
972 3944.0
973 3946.0
974 3948.0
975 3950.0
976 3952.0
977 3954.0
978 3956.0
979 3958.0
980 3960.0
981 3962.0
982 3964.0
983 3966.0
984 3968.0
985 3970.0
986 3972.0
987 3974.0
988 3976.0
989 3978.0
990 3980.0
991 3982.0
992 3984.0
993 3986.0
994 3988.0
995 3990.0
996 3992.0
997 3994.0
998 3996.0
999 3998.0
1000 4000.0
